-0.5 1.5703
-0.48 1.63575
-0.46 1.70689
-0.44 1.7845
-0.42 1.8695
-0.4 1.963
-0.38 2.06634
-0.36 2.18116
-0.34 2.30949
-0.32 2.45387
-0.3 2.61749
-0.28 2.80449
-0.26 3.02026
-0.24 3.27199
-0.22 3.56949
-0.2 3.92649
-0.18 4.36282
-0.16 4.90824
-0.14 5.60949
-0.12 6.54448
-0.1 7.85348
-0.08 9.81698
-0.06 13.0895
-0.04 19.6345
-0.02 39.2694
0 inf
0.02 39.2694
0.04 19.6345
0.06 13.0895
0.08 9.81698
0.1 7.85348
0.12 6.54448
0.14 5.60949
0.16 4.90824
0.18 4.36282
0.2 3.92649
0.22 3.56949
0.24 3.27199
0.26 3.02026
0.28 2.80449
0.3 2.61749
0.32 2.45387
0.34 2.30949
0.36 2.18116
0.38 2.06634
0.4 1.963
0.42 1.8695
0.44 1.7845
0.46 1.70689
0.48 1.63575
