-0.5 2556.81
-0.48 2556.86
-0.46 2556.91
-0.44 2556.96
-0.42 2557.01
-0.4 2557.05
-0.38 2557.1
-0.36 2557.15
-0.34 2557.2
-0.32 2557.25
-0.3 2557.3
-0.28 2557.35
-0.26 2557.4
-0.24 2557.45
-0.22 2557.5
-0.2 2557.55
-0.18 2557.6
-0.16 2557.65
-0.14 2557.7
-0.12 2557.75
-0.1 2557.79
-0.08 2557.84
-0.06 2557.89
-0.04 2557.94
-0.02 2557.99
0 2558.04
0.02 2557.99
0.04 2557.94
0.06 2557.89
0.08 2557.84
0.1 2557.79
0.12 2557.75
0.14 2557.7
0.16 2557.65
0.18 2557.6
0.2 2557.55
0.22 2557.5
0.24 2557.45
0.26 2557.4
0.28 2557.35
0.3 2557.3
0.32 2557.25
0.34 2557.2
0.36 2557.15
0.38 2557.1
0.4 2557.05
0.42 2557.01
0.44 2556.96
0.46 2556.91
0.48 2556.86
