-0.5 6.44885
-0.48 6.48091
-0.46 6.51434
-0.44 6.54925
-0.42 6.58578
-0.4 6.6241
-0.38 6.66439
-0.36 6.70685
-0.34 6.75175
-0.32 6.79936
-0.3 6.85005
-0.28 6.90424
-0.26 6.96244
-0.24 7.02531
-0.22 7.09364
-0.2 7.1685
-0.18 7.25125
-0.16 7.34376
-0.14 7.44863
-0.12 7.5697
-0.1 7.7129
-0.08 7.88815
-0.06 8.1141
-0.04 8.43255
-0.02 8.97695
0 inf
0.02 8.97695
0.04 8.43255
0.06 8.1141
0.08 7.88815
0.1 7.7129
0.12 7.5697
0.14 7.44863
0.16 7.34376
0.18 7.25125
0.2 7.1685
0.22 7.09364
0.24 7.02531
0.26 6.96244
0.28 6.90424
0.3 6.85005
0.32 6.79936
0.34 6.75175
0.36 6.70685
0.38 6.66439
0.4 6.6241
0.42 6.58578
0.44 6.54925
0.46 6.51434
0.48 6.48091
